5
 0.5 0.5 0 0.0001 0.02999 1 0 0 255
 0.201 0.201 0.004 0 0.2 1 255 0 0
 0.79 0.201 0 0.004 0.2 1 255 0 0
 0.201 0.79 0 -0.004 0.2 1 255 0 0
 0.79 0.79 -0.004 0 0.2 1 255 0 0
 
 0.5 0.6441154273188011 0 0 0.02999 1 0 0 255
 0.5 0.7480384757729337 0 0.002 0.02999 1 0 0 255
 0.41000000000000003 0.8 0 0 0.02999 1 0 0 100
 0.47000000000000003 0.8 0 0 0.02999 1 0 0 100
 0.53 0.8 0 0 0.02999 1 0 0 100
 0.5900000000000001 0.8 0 0 0.02999 1 0 0 100
 0.44000000000000006 0.7480384757729337 0 0 0.02999 1 0 0 100
 
 0.56 0.7480384757729337 0 0 0.02999 1 0 0 100
 0.47000000000000003 0.6960769515458675 0 0 0.02999 1 0 0 100
 0.53 0.6960769515458675 0 0 0.02999 1 0 0 100
